1 287 220 393 354 0.946777 0 
1 306 136 390 258 0.945801 0 
1 213 201 304 295 0.927734 0 
2 282 218 388 351 0.951172 0 
2 306 136 396 259 0.943359 0 
2 213 201 303 297 0.931152 0 
3 275 218 386 357 0.944824 0 
3 309 135 401 265 0.931152 0 
3 215 203 302 298 0.930176 0 
4 314 133 399 267 0.936523 0 
4 217 204 302 299 0.934082 0 
4 274 218 381 359 0.921875 0 
5 318 133 405 264 0.943848 0 
5 218 204 303 302 0.927246 0 
5 270 217 375 359 0.869629 0 
6 319 133 407 261 0.959961 0 
6 260 217 369 361 0.92041 0 
6 219 205 306 302 0.912598 0 
7 320 132 407 260 0.952637 0 
7 268 218 362 362 0.922852 0 
7 221 204 307 306 0.90918 0 
8 321 132 407 260 0.95752 0 
8 246 219 360 360 0.937988 0 
8 221 206 311 304 0.904297 0 
9 320 132 405 259 0.955566 0 
9 234 217 358 360 0.936523 0 
9 223 206 303 302 0.894531 0 
10 321 129 403 259 0.94873 0 
10 225 214 358 360 0.918945 0 
10 223 208 303 301 0.628418 0 
11 318 127 401 258 0.944336 0 
11 220 210 354 361 0.907227 0 
12 315 127 399 254 0.940918 0 
12 213 218 354 358 0.918945 0 
12 215 208 307 276 0.61084 0 
13 204 220 352 358 0.933105 0 
13 314 126 395 249 0.931641 0 
13 224 207 306 280 0.841797 0 
14 311 124 391 247 0.945801 0 
14 200 222 350 356 0.927246 0 
14 223 208 305 283 0.825684 0 
15 308 123 390 245 0.952637 0 
15 194 222 349 357 0.919434 0 
15 220 209 306 280 0.781738 0 
16 307 122 390 246 0.954102 0 
16 191 222 340 354 0.889648 0 
16 223 210 306 284 0.805664 0 
17 306 123 390 246 0.956055 0 
17 189 222 339 354 0.895508 0 
17 224 210 305 285 0.819824 0 
18 306 123 390 246 0.95752 0 
18 178 227 322 348 0.900879 0 
18 224 211 306 290 0.875977 0 
19 308 123 390 246 0.953613 0 
19 174 229 316 345 0.924805 0 
19 223 211 305 293 0.878418 0 
20 311 123 392 245 0.94873 0 
20 172 230 301 342 0.934082 0 
20 222 207 305 300 0.891602 0 
21 314 122 394 240 0.944824 0 
21 169 233 300 344 0.92627 0 
21 223 208 304 304 0.891602 0 
22 316 122 396 236 0.946777 0 
22 167 236 298 342 0.92041 0 
22 223 208 303 300 0.88916 0 
23 321 120 397 235 0.941406 0 
23 162 236 297 346 0.921387 0 
23 223 209 302 301 0.910156 0 
24 322 119 399 235 0.942871 0 
24 222 210 302 300 0.923828 0 
24 161 236 295 346 0.918945 0 
25 324 118 400 235 0.938965 0 
25 160 237 293 345 0.92041 0 
25 221 212 302 301 0.91748 0 
26 325 117 400 236 0.94043 0 
26 222 212 303 304 0.937988 0 
26 159 237 289 344 0.918457 0 
27 322 117 402 237 0.947754 0 
27 222 212 303 305 0.941895 0 
27 158 237 287 344 0.912109 0 
28 224 212 302 306 0.953125 0 
28 320 117 400 237 0.942871 0 
28 155 237 282 344 0.923828 0 
29 224 212 302 307 0.950195 0 
29 321 116 401 236 0.940918 0 
29 151 233 282 343 0.923828 0 
30 224 213 304 308 0.945312 0 
30 326 114 398 232 0.942871 0 
30 147 230 279 340 0.929199 0 
31 328 112 398 232 0.944824 0 
31 223 213 305 311 0.942383 0 
31 144 229 271 338 0.932129 0 
32 331 110 399 229 0.945312 0 
32 224 213 308 310 0.94043 0 
32 143 229 274 330 0.920898 0 
33 332 109 400 222 0.94873 0 
33 224 213 308 313 0.942383 0 
33 141 229 271 327 0.919434 0 
34 226 215 308 314 0.947754 0 
34 333 108 401 218 0.943359 0 
34 139 229 266 325 0.92334 0 
35 227 216 308 314 0.944336 0 
35 336 107 403 218 0.939941 0 
35 138 230 263 325 0.924805 0 
36 337 106 405 218 0.938965 0 
36 230 216 311 314 0.935547 0 
36 133 232 262 326 0.907715 0 
37 232 216 313 313 0.93457 0 
37 341 106 406 216 0.933105 0 
37 125 234 263 326 0.892578 0 
38 230 216 315 315 0.9375 0 
38 343 106 407 216 0.9375 0 
38 129 239 264 335 0.800293 0 
39 344 108 410 216 0.942383 0 
39 230 216 316 316 0.935059 0 
39 132 244 255 336 0.899414 0 
40 347 109 415 217 0.94873 0 
40 233 216 316 315 0.939941 0 
40 136 247 253 338 0.903809 0 
41 349 111 422 217 0.947266 0 
41 234 217 316 314 0.943848 0 
41 127 251 253 337 0.890625 0 
42 347 111 428 218 0.949219 0 
42 234 216 317 313 0.944824 0 
42 134 253 252 338 0.881836 0 
43 348 112 434 214 0.949219 0 
43 233 216 317 312 0.942383 0 
43 130 254 252 338 0.875977 0 
44 350 113 440 214 0.947754 0 
44 232 215 317 313 0.937988 0 
44 140 254 254 336 0.879395 0 
45 354 114 443 212 0.944824 0 
45 231 215 316 313 0.931152 0 
45 129 253 254 339 0.88916 0 
46 361 114 447 211 0.943848 0 
46 229 215 315 312 0.932617 0 
46 128 252 255 337 0.883789 0 
47 367 115 452 211 0.944336 0 
47 229 215 314 312 0.935547 0 
47 134 252 256 333 0.875488 0 
48 368 118 453 208 0.945801 0 
48 228 214 314 311 0.938477 0 
48 149 253 256 328 0.871582 0 
49 228 214 313 310 0.94043 0 
49 368 121 457 208 0.937012 0 
49 160 254 255 326 0.887207 0 
50 227 212 312 311 0.945801 0 
50 367 124 458 209 0.937012 0 
50 160 254 257 330 0.883789 0 
51 227 211 311 310 0.945801 0 
51 366 127 460 207 0.933594 0 
51 164 254 258 330 0.888672 0 
52 227 210 310 311 0.947266 0 
52 367 131 460 206 0.936035 0 
52 157 254 259 334 0.875977 0 
53 227 208 309 311 0.948242 0 
53 367 133 460 206 0.938965 0 
53 163 254 260 334 0.893066 0 
54 227 207 309 312 0.945312 0 
54 367 135 461 207 0.936523 0 
54 145 254 259 337 0.885254 0 
55 228 206 308 312 0.947266 0 
55 367 136 462 208 0.936035 0 
55 155 255 259 341 0.904785 0 
56 228 205 307 312 0.945801 0 
56 366 137 462 208 0.933594 0 
56 147 255 259 341 0.912109 0 
57 228 204 307 312 0.949219 0 
57 145 254 259 342 0.930176 0 
57 366 137 461 208 0.928711 0 
58 226 202 308 313 0.95166 0 
58 147 254 258 343 0.939453 0 
58 366 137 461 208 0.928711 0 
59 225 199 310 313 0.944824 0 
59 154 255 257 346 0.936523 0 
59 365 137 461 209 0.927246 0 
60 224 197 312 314 0.938965 0 
60 148 254 257 344 0.9375 0 
60 364 138 461 209 0.928223 0 
61 224 192 314 315 0.945312 0 
61 363 138 461 208 0.928223 0 
61 154 254 257 344 0.921387 0 
62 223 190 315 314 0.950195 0 
62 363 138 460 209 0.928711 0 
62 157 253 257 342 0.910645 0 
63 224 188 316 314 0.952637 0 
63 362 138 460 210 0.929199 0 
63 155 252 256 336 0.912109 0 
64 225 186 316 315 0.954102 0 
64 361 137 459 209 0.928223 0 
64 154 251 255 334 0.905273 0 
65 226 183 315 315 0.955566 0 
65 361 137 459 210 0.931641 0 
65 155 252 253 335 0.904297 0 
66 228 182 314 314 0.954102 0 
66 361 137 460 210 0.931152 0 
66 158 252 252 334 0.904785 0 
67 231 181 315 314 0.950684 0 
67 361 136 459 209 0.928711 0 
67 154 250 252 333 0.913574 0 
68 236 180 317 311 0.952637 0 
68 361 136 459 209 0.92627 0 
68 149 249 254 334 0.914551 0 
69 239 179 318 311 0.946289 0 
69 362 137 460 208 0.930176 0 
69 142 248 254 335 0.907715 0 
70 243 179 320 311 0.952637 0 
70 362 137 460 208 0.929688 0 
70 145 248 254 335 0.912598 0 
71 244 178 322 311 0.958496 0 
71 363 137 461 208 0.922852 0 
71 148 248 254 334 0.915527 0 
72 244 178 326 311 0.960938 0 
72 364 137 460 209 0.924316 0 
72 147 248 254 335 0.912109 0 
73 243 179 329 311 0.959473 0 
73 364 138 461 209 0.922852 0 
73 147 249 256 335 0.92041 0 
74 244 178 329 309 0.958496 0 
74 148 249 256 336 0.92334 0 
74 364 139 461 209 0.918457 0 
75 247 178 331 309 0.953613 0 
75 150 250 256 337 0.926758 0 
75 366 139 462 211 0.901367 0 
76 252 177 332 310 0.949707 0 
76 150 251 257 337 0.92627 0 
76 365 139 463 212 0.910156 0 
77 255 176 332 310 0.949707 0 
77 149 251 258 337 0.923828 0 
77 365 140 463 212 0.914551 0 
78 257 176 332 311 0.945312 0 
78 149 251 257 337 0.921387 0 
78 366 140 463 212 0.915527 0 
79 256 176 331 310 0.947266 0 
79 151 251 257 337 0.924316 0 
79 369 142 464 213 0.92334 0 
80 254 176 331 310 0.948242 0 
80 369 142 465 215 0.932129 0 
80 149 252 258 338 0.92334 0 
81 253 177 331 311 0.951172 0 
81 370 143 466 214 0.928711 0 
81 149 252 257 337 0.92334 0 
82 253 177 332 312 0.951172 0 
82 370 143 465 213 0.926758 0 
82 150 251 257 337 0.921875 0 
83 254 177 333 314 0.952637 0 
83 151 251 258 337 0.924316 0 
83 368 141 466 213 0.92334 0 
84 255 177 333 315 0.954102 0 
84 368 140 466 213 0.924805 0 
84 152 251 258 337 0.921875 0 
85 253 178 335 314 0.953125 0 
85 367 139 466 210 0.921875 0 
85 153 250 258 336 0.921875 0 
86 251 178 338 315 0.952637 0 
86 152 250 257 336 0.922363 0 
86 367 139 466 210 0.921387 0 
87 249 180 339 316 0.951172 0 
87 150 249 257 336 0.927734 0 
87 367 138 465 211 0.921387 0 
88 249 180 340 315 0.947754 0 
88 367 137 466 211 0.925293 0 
88 152 249 257 336 0.924805 0 
89 250 180 344 316 0.942383 0 
89 152 248 257 336 0.924316 0 
89 366 136 466 209 0.923828 0 
90 249 180 349 317 0.94043 0 
90 367 137 465 208 0.928223 0 
90 153 249 257 335 0.921387 0 
91 251 182 351 316 0.945801 0 
91 367 137 464 208 0.932129 0 
91 152 249 256 334 0.911621 0 
92 252 181 357 317 0.947266 0 
92 367 136 464 209 0.936035 0 
92 151 249 255 334 0.913086 0 
93 254 181 360 318 0.946289 0 
93 366 136 463 208 0.933594 0 
93 150 249 254 335 0.916992 0 
94 258 184 361 318 0.950684 0 
94 366 135 462 208 0.936035 0 
94 149 250 254 335 0.916992 0 
95 264 185 363 317 0.95459 0 
95 365 134 461 207 0.9375 0 
95 148 251 255 336 0.916504 0 
96 268 186 363 319 0.950195 0 
96 365 134 461 207 0.936523 0 
96 147 251 255 336 0.90332 0 
97 271 187 363 319 0.949219 0 
97 364 134 460 207 0.935059 0 
97 143 251 255 338 0.904297 0 
98 272 189 364 327 0.938477 0 
98 364 134 460 207 0.934082 0 
98 141 251 255 338 0.908691 0 
99 274 193 364 336 0.949219 0 
99 364 134 460 207 0.930176 0 
99 149 252 254 338 0.911621 0 
100 276 195 367 338 0.941895 0 
100 364 135 459 207 0.931641 0 
100 149 252 255 338 0.894043 0 
101 279 198 371 343 0.939453 0 
101 364 135 459 206 0.931152 0 
101 157 253 255 338 0.890137 0 
102 279 200 373 343 0.942383 0 
102 364 135 458 206 0.936523 0 
102 158 253 258 338 0.856445 0 
103 282 202 376 343 0.941406 0 
103 364 134 457 207 0.936523 0 
103 160 253 259 337 0.85498 0 
104 283 202 379 341 0.943848 0 
104 365 133 457 206 0.936523 0 
104 159 255 262 337 0.813477 0 
105 283 203 381 339 0.946289 0 
105 364 133 456 207 0.939941 0 
105 162 255 264 335 0.822754 0 
106 282 204 385 342 0.949707 0 
106 363 131 456 207 0.942383 0 
106 162 255 265 336 0.826172 0 
107 282 206 385 350 0.945801 0 
107 362 131 455 207 0.940918 0 
107 159 254 264 335 0.84375 0 
108 360 129 454 206 0.944336 0 
108 283 209 385 357 0.943848 0 
108 157 254 263 336 0.884277 0 
109 282 212 385 360 0.945312 0 
109 358 129 452 206 0.944336 0 
109 157 253 262 336 0.884766 0 
110 282 216 385 363 0.940918 0 
110 356 129 450 206 0.936523 0 
110 155 253 260 336 0.871094 0 
111 283 216 386 364 0.944336 0 
111 353 129 448 206 0.930176 0 
111 156 253 258 335 0.881348 0 
112 284 217 387 364 0.943848 0 
112 350 129 444 206 0.937988 0 
112 153 253 255 335 0.875977 0 
113 284 217 390 366 0.946289 0 
113 348 128 443 206 0.932617 0 
113 151 252 254 335 0.889648 0 
114 283 218 392 367 0.946289 0 
114 345 128 442 206 0.932129 0 
114 150 251 251 335 0.898926 0 
115 282 219 393 367 0.947754 0 
115 342 128 439 205 0.931152 0 
115 149 251 248 335 0.874512 0 
116 282 221 391 368 0.949219 0 
116 340 127 436 205 0.928223 0 
116 142 250 247 337 0.887695 0 
117 281 222 391 370 0.952637 0 
117 338 128 434 206 0.921387 0 
117 138 251 247 336 0.902344 0 
118 270 224 388 370 0.94873 0 
118 337 128 432 206 0.925293 0 
118 122 251 248 339 0.870605 0 
119 256 227 382 377 0.938965 0 
119 334 128 429 206 0.916016 0 
119 122 249 248 337 0.887695 0 
120 251 229 380 378 0.941406 0 
120 333 128 428 206 0.91748 0 
120 122 247 249 335 0.888672 0 
121 244 234 375 382 0.934082 0 
121 332 127 427 205 0.925781 0 
121 123 246 249 333 0.882812 0 
122 239 238 365 387 0.938477 0 
122 331 127 427 205 0.929199 0 
122 122 245 247 335 0.905273 0 
123 237 243 356 396 0.938965 0 
123 330 127 425 206 0.93457 0 
123 122 242 248 336 0.913086 0 
124 237 245 352 399 0.941406 0 
124 330 127 424 206 0.935547 0 
124 119 241 247 335 0.90332 0 
125 330 127 423 206 0.938477 0 
125 236 247 347 400 0.938477 0 
125 115 240 245 335 0.913574 0 
126 330 127 423 206 0.938477 0 
126 236 252 337 401 0.935547 0 
126 113 239 242 336 0.928711 0 
127 230 254 334 401 0.943359 0 
127 329 127 422 205 0.940918 0 
127 111 240 241 339 0.930664 0 
128 225 256 331 400 0.94873 0 
128 329 127 421 205 0.942383 0 
128 110 239 238 337 0.927246 0 
129 218 258 329 398 0.950684 0 
129 329 127 420 205 0.943359 0 
129 108 238 238 335 0.924805 0 
130 213 258 323 400 0.952148 0 
130 329 128 419 206 0.945801 0 
130 107 237 238 335 0.926758 0 
131 209 259 318 416 0.95166 0 
131 328 128 419 206 0.945312 0 
131 107 237 237 335 0.921875 0 
132 206 263 316 426 0.949707 0 
132 328 128 418 206 0.944824 0 
132 105 238 234 337 0.922852 0 
133 327 128 417 206 0.943848 0 
133 202 268 314 429 0.942383 0 
133 104 239 232 337 0.925293 0 
134 327 128 418 206 0.942871 0 
134 104 239 229 337 0.922852 0 
134 202 273 311 430 0.89209 0 
135 326 128 418 206 0.946289 0 
135 201 276 307 431 0.940918 0 
135 104 240 228 337 0.923828 0 
136 199 281 305 432 0.951172 0 
136 326 128 418 206 0.945801 0 
136 104 241 227 338 0.924316 0 
137 199 285 303 432 0.952148 0 
137 325 128 418 207 0.942871 0 
137 104 242 225 337 0.918945 0 
138 196 288 303 432 0.95166 0 
138 325 128 417 208 0.943359 0 
138 100 242 225 337 0.916504 0 
139 188 289 302 430 0.952148 0 
139 325 128 418 207 0.939941 0 
139 96 243 224 337 0.914551 0 
140 186 291 299 430 0.953125 0 
140 324 128 418 207 0.937988 0 
140 94 243 223 337 0.918945 0 
141 181 292 294 431 0.95166 0 
141 324 128 418 208 0.936523 0 
141 94 244 223 337 0.918457 0 
142 179 292 293 432 0.952148 0 
142 324 129 418 208 0.936035 0 
142 95 244 223 336 0.916016 0 
142 622 99 639 196 0.281006 0 
143 179 290 294 434 0.953125 0 
143 324 129 418 208 0.9375 0 
143 96 244 223 335 0.914062 0 
143 620 98 639 197 0.389893 0 
144 178 290 293 432 0.949707 0 
144 324 129 418 208 0.938965 0 
144 96 245 224 335 0.911133 0 
144 624 100 639 198 0.368652 0 
145 178 289 293 433 0.949707 0 
145 324 129 419 207 0.939941 0 
145 97 245 225 334 0.907715 0 
145 624 100 639 199 0.411377 0 
146 181 287 295 433 0.951172 0 
146 324 129 419 208 0.943848 0 
146 97 245 225 335 0.910156 0 
146 624 99 639 198 0.348145 0 
147 180 285 294 434 0.952637 0 
147 324 130 419 208 0.943359 0 
147 95 245 226 336 0.911133 0 
147 623 99 639 199 0.411377 0 
148 181 283 294 434 0.953613 0 
148 324 130 420 209 0.942871 0 
148 94 245 227 336 0.914062 0 
148 622 98 639 201 0.489014 0 
149 181 278 294 434 0.95459 0 
149 325 130 421 209 0.947266 0 
149 98 246 227 337 0.912598 0 
149 620 96 639 198 0.44458 0 
150 184 276 292 433 0.953613 0 
150 326 131 423 208 0.944824 0 
150 98 245 229 337 0.913086 0 
150 622 95 639 197 0.412354 0 
151 186 274 289 434 0.952148 0 
151 328 131 425 208 0.942871 0 
151 99 245 230 337 0.913086 0 
151 622 94 639 196 0.266113 0 
152 189 271 287 435 0.941406 0 
152 329 131 426 207 0.940918 0 
152 102 246 232 338 0.914062 0 
153 329 131 426 209 0.938965 0 
153 194 271 284 434 0.930176 0 
153 104 246 233 338 0.909668 0 
154 187 268 285 428 0.94043 0 
154 330 132 428 209 0.935059 0 
154 108 246 233 338 0.911621 0 
155 179 266 283 423 0.95166 0 
155 332 133 429 208 0.933594 0 
155 115 245 234 338 0.916992 0 
156 174 264 282 423 0.950684 0 
156 333 133 430 208 0.930176 0 
156 107 245 234 338 0.916016 0 
157 171 263 281 422 0.947754 0 
157 335 134 430 208 0.933594 0 
157 101 245 231 337 0.914551 0 
158 337 136 432 207 0.937988 0 
158 158 263 283 423 0.930176 0 
158 101 245 230 335 0.912598 0 
159 338 137 433 207 0.931152 0 
159 153 261 282 424 0.928711 0 
159 103 245 232 337 0.90625 0 
160 340 138 435 207 0.931152 0 
160 150 259 283 423 0.92627 0 
160 99 245 234 338 0.901367 0 
161 341 138 438 207 0.932129 0 
161 141 267 277 421 0.927734 0 
161 99 245 237 340 0.87207 0 
162 342 140 440 207 0.931152 0 
162 125 262 277 424 0.909668 0 
162 101 245 238 342 0.863281 0 
163 343 140 440 208 0.933105 0 
163 120 258 270 422 0.912109 0 
163 111 245 238 336 0.835449 0 
164 344 141 442 209 0.935059 0 
164 110 256 267 420 0.921387 0 
164 115 244 239 334 0.844727 0 
165 345 141 442 210 0.935547 0 
165 110 255 259 420 0.926758 0 
165 116 243 240 334 0.865234 0 
166 345 141 443 211 0.936035 0 
166 108 253 254 420 0.932129 0 
166 117 244 241 337 0.836914 0 
167 346 141 443 211 0.933594 0 
167 108 253 253 420 0.931641 0 
167 118 243 242 337 0.846191 0 
168 351 144 441 212 0.936523 0 
168 109 250 251 420 0.935059 0 
168 117 243 243 338 0.831055 0 
169 352 144 442 211 0.936035 0 
169 109 251 249 419 0.935547 0 
169 116 244 243 337 0.828125 0 
170 352 144 444 212 0.936523 0 
170 108 256 251 419 0.930176 0 
170 116 244 246 337 0.861328 0 
171 352 144 445 212 0.932617 0 
171 107 254 250 418 0.932617 0 
171 120 246 246 340 0.650391 0 
172 105 252 249 418 0.936523 0 
172 353 143 442 212 0.933105 0 
172 125 245 244 342 0.358154 0 
173 101 252 249 417 0.935059 0 
173 350 141 446 212 0.920898 0 
173 125 245 245 345 0.793945 0 
174 352 142 442 212 0.93457 0 
174 99 252 249 417 0.93457 0 
174 129 246 245 345 0.742676 0 
175 352 142 442 212 0.941895 0 
175 97 251 249 417 0.932617 0 
175 127 246 245 347 0.652344 0 
176 351 143 441 213 0.947754 0 
176 95 249 250 418 0.931152 0 
176 127 247 242 348 0.360352 0 
177 350 143 441 213 0.945312 0 
177 92 253 250 418 0.925781 0 
177 128 246 242 349 0.460938 0 
178 346 142 444 212 0.932129 0 
178 91 257 250 418 0.917969 0 
178 125 247 245 356 0.608398 0 
179 344 143 442 212 0.932617 0 
179 88 262 243 418 0.916992 0 
179 124 244 242 358 0.57373 0 
180 343 143 442 213 0.937012 0 
180 87 264 241 419 0.916992 0 
180 121 245 241 358 0.55127 0 
181 340 144 441 215 0.939941 0 
181 84 260 243 420 0.915527 0 
181 592 39 633 109 0.669434 0 
181 123 246 236 349 0.647949 0 
182 340 144 439 214 0.932129 0 
182 81 260 244 421 0.913086 0 
182 119 246 234 349 0.609375 0 
183 340 145 435 215 0.933105 0 
183 76 262 244 421 0.908203 0 
183 119 246 232 348 0.666992 0 
184 338 144 434 214 0.933105 0 
184 74 262 245 421 0.902344 0 
184 120 247 231 347 0.604004 0 
185 338 144 434 213 0.92627 0 
185 73 263 246 421 0.900391 0 
185 119 246 230 346 0.731934 0 
186 339 142 434 213 0.92334 0 
186 70 262 247 422 0.896484 0 
186 565 33 604 107 0.680176 0 
186 118 246 229 347 0.643066 0 
187 335 140 434 215 0.925293 0 
187 70 262 248 422 0.888184 0 
187 559 34 602 105 0.875488 0 
187 117 246 228 347 0.625488 0 
188 335 139 433 214 0.922852 0 
188 66 266 246 422 0.888184 0 
188 553 37 600 107 0.879395 0 
188 112 247 235 369 0.643066 0 
189 335 138 431 213 0.914551 0 
189 68 266 245 420 0.88623 0 
189 111 248 235 368 0.666992 0 
189 551 34 596 104 0.510254 0 
190 337 137 427 211 0.916992 0 
190 66 270 241 420 0.896973 0 
190 113 245 233 374 0.842773 0 
190 548 32 593 105 0.42041 0 
191 337 135 425 211 0.939941 0 
191 66 269 240 419 0.899902 0 
191 546 34 591 104 0.753418 0 
191 115 247 234 377 0.725098 0 
192 337 131 423 211 0.944824 0 
192 66 271 240 419 0.898926 0 
192 542 33 591 103 0.857422 0 
192 113 246 233 371 0.847168 0 
193 336 127 420 211 0.943359 0 
193 538 34 589 101 0.900879 0 
193 65 273 237 418 0.900879 0 
193 114 245 232 369 0.881348 0 
194 336 125 418 211 0.944824 0 
194 63 274 237 417 0.902832 0 
194 536 35 582 102 0.899414 0 
194 113 244 231 359 0.897461 0 
195 337 122 414 210 0.937012 0 
195 539 35 578 99 0.904785 0 
195 113 244 230 354 0.903809 0 
195 62 274 238 417 0.899414 0 
196 337 118 411 210 0.937988 0 
196 64 273 238 417 0.902832 0 
196 113 242 230 373 0.881348 0 
196 531 36 570 99 0.666016 0 
197 339 115 405 210 0.931641 0 
197 65 272 242 418 0.895508 0 
197 113 242 229 364 0.890625 0 
197 532 34 567 100 0.885742 0 
198 338 113 402 210 0.922852 0 
198 65 271 242 418 0.898926 0 
198 112 242 228 359 0.888672 0 
198 531 33 562 98 0.88623 0 
199 336 111 402 209 0.914062 0 
199 112 242 227 354 0.893555 0 
199 65 271 243 420 0.890137 0 
200 334 110 401 210 0.909668 0 
200 69 269 244 421 0.893555 0 
200 111 242 226 357 0.882812 0 
201 332 108 402 211 0.907715 0 
201 72 268 242 421 0.902832 0 
201 111 242 225 359 0.862793 0 
202 331 108 403 211 0.902344 0 
202 75 268 241 421 0.896484 0 
202 111 242 225 353 0.856445 0 
203 330 107 401 212 0.904297 0 
203 80 267 241 422 0.897461 0 
203 110 242 224 353 0.861816 0 
204 333 107 397 211 0.916016 0 
204 86 263 241 423 0.905762 0 
204 110 243 224 352 0.840332 0 
205 331 107 396 211 0.926758 0 
205 89 261 239 423 0.916504 0 
205 108 243 224 354 0.810059 0 
206 331 107 395 210 0.925293 0 
206 91 258 239 425 0.92334 0 
206 103 243 225 351 0.796875 0 
207 94 254 238 426 0.929199 0 
207 332 107 395 211 0.922852 0 
207 103 241 224 346 0.663574 0 
208 98 258 239 426 0.930664 0 
208 332 107 394 210 0.922852 0 
208 101 241 223 343 0.780762 0 
209 101 258 241 427 0.929199 0 
209 332 107 395 210 0.920898 0 
209 104 244 224 341 0.748047 0 
210 110 253 245 428 0.934082 0 
210 332 107 396 210 0.918945 0 
210 105 244 225 339 0.755859 0 
211 119 252 246 428 0.942383 0 
211 331 106 395 211 0.928711 0 
211 108 244 224 334 0.678711 0 
212 122 252 251 428 0.937988 0 
212 330 106 395 211 0.930664 0 
212 99 244 211 341 0.55957 0 
213 134 255 250 429 0.947754 0 
213 330 106 394 210 0.931152 0 
213 95 241 188 367 0.729492 0 
214 141 259 253 429 0.943848 0 
214 331 106 394 210 0.934082 0 
214 93 241 199 357 0.900879 0 
215 140 262 254 429 0.936523 0 
215 331 106 394 211 0.933594 0 
215 92 240 201 363 0.929688 0 
216 91 241 201 355 0.939941 0 
216 330 106 394 211 0.930664 0 
216 133 262 258 428 0.927246 0 
217 90 241 200 351 0.939453 0 
217 131 262 259 429 0.931641 0 
217 329 106 392 211 0.927246 0 
218 90 241 197 352 0.942871 0 
218 133 262 262 428 0.936523 0 
218 328 106 390 210 0.925781 0 
219 138 262 261 428 0.945312 0 
219 89 241 194 352 0.944336 0 
219 326 104 390 211 0.929688 0 
220 143 262 260 429 0.95166 0 
220 87 240 194 352 0.943848 0 
220 325 105 388 211 0.927734 0 
221 144 262 259 428 0.951172 0 
221 87 240 193 352 0.942383 0 
221 325 105 387 211 0.921875 0 
222 143 262 256 428 0.949219 0 
222 87 241 192 353 0.941895 0 
222 323 105 386 211 0.912109 0 
223 142 262 253 428 0.947266 0 
223 87 241 193 353 0.939941 0 
223 322 105 385 211 0.909668 0 
224 140 262 251 428 0.943359 0 
224 88 241 198 355 0.935059 0 
224 322 105 386 211 0.899902 0 
224 622 105 639 202 0.477783 0 
225 88 241 199 360 0.931641 0 
225 134 258 248 431 0.929199 0 
225 322 104 388 212 0.916992 0 
225 626 107 639 198 0.273682 0 
226 120 258 246 430 0.922363 0 
226 88 240 195 359 0.91748 0 
226 321 104 387 211 0.913086 0 
227 120 258 241 428 0.936523 0 
227 89 241 189 350 0.907227 0 
227 319 104 384 212 0.897949 0 
227 625 110 639 195 0.432129 0 
228 121 254 240 429 0.935059 0 
228 318 104 384 210 0.925781 0 
228 89 241 198 348 0.869141 0 
228 624 106 639 203 0.387695 0 
229 118 252 239 429 0.946289 0 
229 319 104 387 211 0.922363 0 
229 90 241 197 347 0.808594 0 
230 119 250 240 430 0.944824 0 
230 322 103 388 211 0.927246 0 
230 90 241 208 345 0.805176 0 
230 615 100 639 195 0.333252 0 
231 117 250 240 429 0.94873 0 
231 322 103 388 211 0.927246 0 
231 93 242 213 338 0.785645 0 
231 622 102 639 198 0.356201 0 
232 114 253 238 428 0.946289 0 
232 324 103 388 211 0.927246 0 
232 93 242 216 337 0.838379 0 
233 111 258 238 428 0.937988 0 
233 327 102 387 211 0.921875 0 
233 93 241 216 334 0.834961 0 
234 105 266 240 427 0.922852 0 
234 325 102 389 211 0.922363 0 
234 93 242 218 334 0.838867 0 
234 623 102 639 197 0.255615 0 
235 328 102 389 211 0.919922 0 
235 97 268 239 427 0.911621 0 
235 93 242 219 334 0.818848 0 
235 618 99 639 198 0.302734 0 
236 330 102 389 210 0.927246 0 
236 96 267 240 427 0.913574 0 
236 94 240 220 337 0.79834 0 
236 615 98 639 197 0.543945 0 
237 329 102 392 211 0.928223 0 
237 97 266 240 427 0.91748 0 
237 97 241 220 339 0.788086 0 
237 616 95 639 192 0.384521 0 
238 328 103 393 212 0.925781 0 
238 96 266 241 427 0.917969 0 
238 97 241 220 339 0.771484 0 
238 623 101 640 186 0.260986 0 
239 329 104 395 211 0.926758 0 
239 96 259 240 428 0.922363 0 
239 98 241 220 341 0.705566 0 
239 620 98 639 190 0.310303 0 
240 331 104 396 211 0.924805 0 
240 96 261 239 428 0.919434 0 
240 97 241 221 342 0.76709 0 
241 327 106 395 210 0.928223 0 
241 96 263 239 428 0.916992 0 
241 98 243 221 339 0.79834 0 
242 328 106 395 210 0.919434 0 
242 103 265 237 427 0.918457 0 
242 100 243 221 339 0.803223 0 
243 328 106 394 210 0.920898 0 
243 105 265 237 427 0.92041 0 
243 100 243 222 339 0.802734 0 
244 328 107 395 211 0.925293 0 
244 98 258 240 429 0.921875 0 
244 97 244 223 339 0.710449 0 
245 103 254 238 429 0.930664 0 
245 329 106 394 211 0.922852 0 
245 98 242 223 340 0.602051 0 
246 108 254 236 430 0.938965 0 
246 331 107 394 211 0.920898 0 
246 102 244 222 338 0.63916 0 
247 114 254 234 430 0.946777 0 
247 331 107 393 211 0.92334 0 
247 102 244 220 335 0.661133 0 
248 115 254 234 429 0.945801 0 
248 331 106 392 210 0.924805 0 
248 101 244 218 334 0.451904 0 
249 113 255 236 427 0.948242 0 
249 332 106 391 211 0.92041 0 
249 109 243 223 330 0.605469 0 
250 114 253 243 427 0.943359 0 
250 332 105 390 211 0.924805 0 
250 95 242 213 331 0.54834 0 
251 111 253 249 426 0.936523 0 
251 332 104 389 210 0.920898 0 
251 94 243 206 341 0.529785 0 
252 118 254 250 427 0.923828 0 
252 332 104 389 210 0.922363 0 
252 91 242 200 358 0.709473 0 
253 330 104 388 211 0.924805 0 
253 118 252 252 426 0.921875 0 
253 91 239 197 386 0.722168 0 
254 132 254 256 425 0.940918 0 
254 329 103 389 211 0.91748 0 
254 88 239 191 370 0.899902 0 
255 137 259 258 425 0.939941 0 
255 87 241 192 359 0.931152 0 
255 327 104 390 212 0.92041 0 
256 141 257 259 424 0.947754 0 
256 88 241 198 364 0.937988 0 
256 327 104 392 211 0.928711 0 
257 148 257 262 424 0.951172 0 
257 86 241 201 363 0.943848 0 
257 327 104 394 211 0.931152 0 
257 612 97 640 197 0.586914 0 
258 157 256 263 424 0.954102 0 
258 85 241 202 366 0.944336 0 
258 326 104 393 212 0.919922 0 
259 159 257 263 423 0.95459 0 
259 84 241 205 363 0.939941 0 
259 325 104 391 212 0.919434 0 
260 161 257 265 423 0.956543 0 
260 83 242 204 356 0.938477 0 
260 324 105 390 212 0.913086 0 
261 162 256 266 426 0.955566 0 
261 84 243 208 359 0.91748 0 
261 325 106 386 212 0.912109 0 
262 164 255 268 426 0.953613 0 
262 324 106 390 212 0.917969 0 
262 83 244 208 356 0.913086 0 
263 168 256 268 426 0.947266 0 
263 324 107 387 213 0.90918 0 
263 83 244 207 356 0.903809 0 
264 173 257 270 426 0.945312 0 
264 325 107 384 213 0.91748 0 
264 82 244 207 353 0.913086 0 
265 179 255 273 425 0.941895 0 
265 325 108 383 212 0.924805 0 
265 83 244 210 352 0.898926 0 
266 185 253 275 423 0.940918 0 
266 324 109 384 212 0.929688 0 
266 83 244 208 348 0.916016 0 
267 188 253 280 421 0.93457 0 
267 325 109 385 211 0.933105 0 
267 82 244 208 347 0.92334 0 
268 191 251 286 416 0.937988 0 
268 325 109 386 213 0.931641 0 
268 84 244 208 346 0.921875 0 
269 189 248 289 408 0.952637 0 
269 83 244 207 347 0.924805 0 
269 324 109 388 212 0.921387 0 
270 190 246 294 406 0.952637 0 
270 81 244 205 346 0.925781 0 
270 325 108 390 213 0.924805 0 
271 193 245 297 406 0.951172 0 
271 325 109 390 212 0.938477 0 
271 82 244 206 348 0.922363 0 
272 201 245 301 407 0.945801 0 
272 325 109 393 212 0.94043 0 
272 79 244 207 347 0.924316 0 
273 204 244 308 407 0.947266 0 
273 325 109 394 212 0.944824 0 
273 78 244 207 348 0.924316 0 
274 209 244 317 408 0.944824 0 
274 326 110 397 209 0.939453 0 
274 77 245 207 349 0.927734 0 
275 214 242 324 406 0.947266 0 
275 325 111 401 210 0.938477 0 
275 80 244 208 348 0.925781 0 
276 220 240 330 404 0.945312 0 
276 325 112 404 209 0.93457 0 
276 84 244 209 348 0.924805 0 
277 226 239 331 404 0.949219 0 
277 324 114 407 209 0.93457 0 
277 83 244 207 346 0.923828 0 
278 228 238 335 405 0.950684 0 
278 326 116 412 209 0.942871 0 
278 86 244 208 346 0.927734 0 
279 227 236 338 402 0.950195 0 
279 327 118 415 210 0.942871 0 
279 85 244 208 344 0.925781 0 
280 228 233 346 394 0.939941 0 
280 328 120 418 209 0.936035 0 
280 88 244 209 342 0.92627 0 
281 236 230 352 388 0.937988 0 
281 83 243 207 342 0.931152 0 
281 333 122 425 208 0.928223 0 
282 246 228 358 382 0.94873 0 
282 82 242 209 342 0.933105 0 
282 336 123 428 209 0.932129 0 
283 256 225 366 379 0.949219 0 
283 83 242 209 342 0.931641 0 
283 338 124 430 212 0.922363 0 
284 265 225 369 380 0.951172 0 
284 83 242 209 343 0.931641 0 
284 338 125 431 212 0.925781 0 
285 265 223 378 378 0.949707 0 
285 82 242 208 341 0.933105 0 
285 339 124 432 213 0.925293 0 
286 266 220 382 380 0.950195 0 
286 84 242 210 343 0.932617 0 
286 337 124 431 214 0.926758 0 
287 268 219 383 379 0.951172 0 
287 336 123 430 214 0.930664 0 
287 83 243 210 344 0.924805 0 
288 271 219 382 379 0.953125 0 
288 337 123 429 213 0.9375 0 
288 91 243 211 341 0.929199 0 
289 273 218 380 380 0.954102 0 
289 337 122 427 213 0.944336 0 
289 93 243 211 340 0.931641 0 
290 275 218 378 381 0.952637 0 
290 337 122 425 214 0.947266 0 
290 94 245 210 341 0.928711 0 
291 275 216 375 379 0.947266 0 
291 339 123 423 215 0.946777 0 
291 92 245 209 342 0.929688 0 
292 339 123 422 213 0.949707 0 
292 275 214 371 372 0.943359 0 
292 90 246 208 343 0.933594 0 
293 340 124 421 212 0.946289 0 
293 276 213 370 371 0.939453 0 
293 90 247 207 346 0.930664 0 
294 340 126 419 211 0.943848 0 
294 90 248 208 345 0.934082 0 
294 272 211 369 364 0.866211 0 
295 338 129 417 212 0.944824 0 
295 269 211 364 350 0.936523 0 
295 89 248 206 345 0.93457 0 
296 335 131 417 214 0.94873 0 
296 266 207 361 349 0.938477 0 
296 89 248 205 344 0.936523 0 
297 266 207 359 350 0.947266 0 
297 333 134 418 217 0.942383 0 
297 87 248 204 344 0.937012 0 
298 264 206 357 351 0.943848 0 
298 84 248 203 346 0.939941 0 
298 329 137 417 215 0.937988 0 
299 264 205 354 353 0.945312 0 
299 78 248 202 346 0.9375 0 
299 329 140 418 217 0.937012 0 
300 262 205 350 353 0.942383 0 
300 327 143 417 218 0.938965 0 
300 77 249 202 347 0.935547 0 
301 260 204 347 353 0.941895 0 
301 325 145 416 216 0.94043 0 
301 75 248 203 347 0.931152 0 
302 258 201 345 351 0.950195 0 
302 324 146 416 218 0.940918 0 
302 70 249 203 347 0.921387 0 
303 254 198 344 347 0.946777 0 
303 323 149 417 219 0.937988 0 
303 77 250 202 347 0.933594 0 
304 251 197 344 343 0.940918 0 
304 324 150 418 218 0.936523 0 
304 74 250 203 347 0.928711 0 
305 248 197 338 331 0.949219 0 
305 77 251 202 348 0.936035 0 
305 324 152 420 222 0.932129 0 
306 247 195 335 330 0.944336 0 
306 71 251 202 349 0.925293 0 
306 325 154 421 223 0.924316 0 
307 247 194 331 328 0.949219 0 
307 71 252 202 349 0.923828 0 
307 325 154 422 225 0.921875 0 
308 246 192 328 327 0.941895 0 
308 327 153 423 226 0.922852 0 
308 68 254 202 349 0.919434 0 
309 78 254 202 349 0.93457 0 
309 327 153 425 226 0.916992 0 
309 246 191 324 329 0.896484 0 
310 77 254 202 349 0.932617 0 
310 224 191 318 328 0.916016 0 
310 328 154 424 224 0.914551 0 
311 79 255 202 348 0.931152 0 
311 224 190 314 326 0.929688 0 
311 329 154 424 224 0.914062 0 
312 226 189 312 327 0.94873 0 
312 79 256 202 349 0.932129 0 
312 330 154 424 223 0.91748 0 
313 225 188 310 324 0.944336 0 
313 80 256 202 349 0.931152 0 
313 329 155 425 223 0.914062 0 
314 223 187 310 321 0.952637 0 
314 80 255 203 349 0.932129 0 
314 330 156 425 223 0.914551 0 
315 217 183 302 316 0.953125 0 
315 80 255 203 348 0.93457 0 
315 330 156 426 223 0.916016 0 
316 208 183 295 311 0.958984 0 
316 76 254 203 350 0.932617 0 
316 330 156 425 223 0.913574 0 
317 198 181 283 309 0.95166 0 
317 77 254 203 350 0.932129 0 
317 330 156 425 223 0.911621 0 
318 189 179 278 308 0.956055 0 
318 80 253 203 349 0.93457 0 
318 330 155 425 223 0.913086 0 
319 182 177 275 309 0.949219 0 
319 81 252 203 348 0.935059 0 
319 330 155 425 223 0.912598 0 
320 176 175 269 309 0.936523 0 
320 83 251 204 348 0.935547 0 
320 330 154 424 223 0.911621 0 
321 172 174 265 308 0.942383 0 
321 85 250 204 348 0.937988 0 
321 330 155 425 223 0.913086 0 
322 170 175 263 306 0.938477 0 
322 86 250 204 347 0.936035 0 
322 330 155 426 224 0.916016 0 
323 172 172 256 302 0.944824 0 
323 81 250 204 347 0.933594 0 
323 330 155 426 223 0.921387 0 
324 176 170 251 294 0.942871 0 
324 330 156 427 221 0.924316 0 
324 73 250 204 348 0.921387 0 
325 177 169 245 292 0.941895 0 
325 329 155 427 220 0.92334 0 
325 64 251 205 349 0.911133 0 
326 167 168 241 292 0.958984 0 
326 328 155 428 219 0.92334 0 
326 62 251 206 348 0.909668 0 
327 162 166 238 293 0.952148 0 
327 329 153 428 221 0.924316 0 
327 62 251 206 347 0.910645 0 
328 156 167 234 291 0.956055 0 
328 329 152 429 220 0.922852 0 
328 65 250 205 348 0.915039 0 
329 154 166 230 291 0.960449 0 
329 330 151 427 218 0.929688 0 
329 65 250 203 347 0.915039 0 
330 151 166 228 291 0.964844 0 
330 331 149 427 215 0.929199 0 
330 65 250 201 346 0.91748 0 
331 151 166 226 290 0.963379 0 
331 330 147 425 218 0.932617 0 
331 65 250 201 346 0.921387 0 
332 145 165 224 291 0.958984 0 
332 330 146 425 220 0.937012 0 
332 63 249 199 346 0.919434 0 
333 137 164 220 288 0.956543 0 
333 329 144 423 220 0.939941 0 
333 61 250 199 347 0.912598 0 
334 126 163 213 288 0.955566 0 
334 329 142 420 218 0.937988 0 
334 61 250 198 346 0.910156 0 
335 115 162 197 289 0.946777 0 
335 328 139 419 217 0.9375 0 
335 63 251 198 345 0.913574 0 
336 326 136 416 217 0.940918 0 
336 108 160 194 287 0.939453 0 
336 64 251 198 346 0.911133 0 
337 327 134 413 216 0.941406 0 
337 65 251 198 346 0.910156 0 
337 101 160 188 288 0.908203 0 
338 96 159 187 284 0.938965 0 
338 326 130 412 218 0.92041 0 
338 66 250 198 346 0.917969 0 
339 93 160 183 281 0.944824 0 
339 326 127 410 218 0.919434 0 
339 65 250 198 346 0.91748 0 
340 89 160 181 282 0.943848 0 
340 327 125 406 216 0.9375 0 
340 65 251 199 344 0.91748 0 
341 90 160 179 278 0.943848 0 
341 327 123 404 218 0.942383 0 
341 66 251 202 345 0.917969 0 
342 91 160 173 274 0.94043 0 
342 327 121 402 219 0.9375 0 
342 65 250 203 345 0.916016 0 
343 89 159 162 272 0.949219 0 
343 328 119 400 218 0.93457 0 
343 63 250 204 343 0.912109 0 
344 84 158 157 271 0.945801 0 
344 326 118 397 218 0.923828 0 
344 65 251 205 343 0.910645 0 
345 79 157 149 269 0.940918 0 
345 322 117 393 220 0.92334 0 
345 66 252 205 347 0.914062 0 
346 74 157 144 271 0.953125 0 
346 314 114 391 218 0.919922 0 
346 68 251 205 344 0.914062 0 
347 69 157 142 273 0.949219 0 
347 307 115 392 217 0.926758 0 
347 68 252 206 344 0.921387 0 
348 66 157 142 272 0.947754 0 
348 300 115 384 218 0.934082 0 
348 68 252 205 344 0.922852 0 
349 61 158 141 273 0.950684 0 
349 295 115 385 219 0.930664 0 
349 68 252 203 345 0.924316 0 
350 55 159 140 275 0.944824 0 
350 290 116 377 218 0.939453 0 
350 68 251 201 344 0.921387 0 
351 53 160 136 274 0.937012 0 
351 289 116 372 217 0.932129 0 
351 69 252 199 346 0.924805 0 
352 289 116 370 218 0.935547 0 
352 48 160 130 274 0.933594 0 
352 68 251 200 346 0.919922 0 
353 290 116 364 218 0.931152 0 
353 43 162 125 272 0.929688 0 
353 70 251 200 346 0.916016 0 
354 40 163 109 271 0.944336 0 
354 291 117 362 218 0.937012 0 
354 74 251 201 348 0.911621 0 
355 39 163 105 271 0.942383 0 
355 290 116 359 219 0.919434 0 
355 71 250 201 348 0.91748 0 
356 37 161 106 272 0.943359 0 
356 288 116 356 219 0.918457 0 
356 72 251 202 348 0.913086 0 
357 37 159 102 272 0.943359 0 
357 286 116 352 219 0.917969 0 
357 75 251 204 346 0.912598 0 
358 35 158 99 272 0.942871 0 
358 284 118 345 219 0.916992 0 
358 73 251 203 346 0.914062 0 
359 31 158 97 272 0.948242 0 
359 282 119 344 219 0.920898 0 
359 76 251 204 347 0.915039 0 
360 22 158 99 274 0.948242 0 
360 281 119 341 221 0.923828 0 
360 85 251 204 347 0.919922 0 
361 7 158 98 281 0.926758 0 
361 281 120 340 222 0.92334 0 
361 77 251 204 347 0.91748 0 
362 0 158 97 285 0.936035 0 
362 282 121 337 226 0.934082 0 
362 78 251 204 346 0.916016 0 
363 0 159 95 281 0.939453 0 
363 78 251 204 346 0.915527 0 
363 281 122 340 228 0.913086 0 
364 0 160 93 281 0.937012 0 
364 77 251 204 346 0.914062 0 
364 280 123 339 229 0.912598 0 
365 0 162 91 282 0.933594 0 
365 281 122 340 229 0.922363 0 
365 77 251 204 346 0.914551 0 
366 0 163 88 286 0.942871 0 
366 282 123 343 229 0.919922 0 
366 76 251 204 346 0.913574 0 
367 0 167 87 286 0.95459 0 
367 281 123 343 229 0.915527 0 
367 73 251 204 346 0.915527 0 
368 0 168 87 286 0.955078 0 
368 280 123 342 228 0.92041 0 
368 73 251 204 346 0.916016 0 
369 0 174 85 284 0.956055 0 
369 277 122 340 229 0.92627 0 
369 71 250 204 347 0.918457 0 
370 0 176 83 284 0.951172 0 
370 74 250 205 346 0.916504 0 
370 273 122 338 228 0.911621 0 
371 0 176 81 284 0.9375 0 
371 74 250 205 346 0.91748 0 
371 268 122 337 227 0.905273 0 
372 0 178 74 281 0.927246 0 
372 265 122 335 227 0.922852 0 
372 74 250 205 345 0.918945 0 
373 260 123 335 230 0.936523 0 
373 1 178 67 281 0.918457 0 
373 74 249 205 345 0.917969 0 
374 250 125 333 234 0.935059 0 
374 73 249 205 345 0.919922 0 
374 0 178 68 283 0.919434 0 
375 244 125 333 237 0.926758 0 
375 73 249 205 346 0.921387 0 
375 1 179 66 284 0.916016 0 
376 244 128 330 238 0.930176 0 
376 72 249 205 346 0.922852 0 
376 1 180 65 285 0.907227 0 
377 246 128 329 239 0.926758 0 
377 72 249 205 347 0.922852 0 
377 1 182 64 283 0.90332 0 
378 242 129 326 239 0.927246 0 
378 71 249 205 347 0.925293 0 
378 1 183 64 281 0.908691 0 
379 73 248 205 347 0.92334 0 
379 236 130 320 238 0.906738 0 
379 1 182 64 283 0.905273 0 
380 73 248 205 347 0.923828 0 
380 233 128 317 237 0.919434 0 
380 1 181 63 282 0.902832 0 
381 229 128 307 237 0.936035 0 
381 73 247 206 347 0.922363 0 
381 0 181 59 280 0.910645 0 
382 72 249 205 346 0.925781 0 
382 228 128 293 240 0.924316 0 
382 0 180 57 280 0.915039 0 
383 73 249 204 346 0.925293 0 
383 226 129 290 244 0.92041 0 
383 0 181 49 277 0.912109 0 
384 73 248 204 346 0.923828 0 
384 226 130 287 245 0.916992 0 
384 0 181 42 279 0.911621 0 
385 223 131 285 246 0.931152 0 
385 73 248 204 345 0.924316 0 
385 0 178 38 278 0.906738 0 
386 223 131 281 245 0.931152 0 
386 74 247 204 344 0.925781 0 
386 0 178 39 278 0.911621 0 
387 77 247 205 344 0.927734 0 
387 221 132 280 245 0.925293 0 
387 0 175 42 270 0.922852 0 
388 80 247 207 343 0.927734 0 
388 0 173 45 270 0.925781 0 
388 219 132 280 245 0.921387 0 
389 85 247 209 343 0.925781 0 
389 218 132 280 246 0.920898 0 
389 0 169 47 277 0.916016 0 
390 0 164 50 275 0.932617 0 
390 79 247 209 342 0.92627 0 
390 217 132 281 246 0.916992 0 
391 0 160 51 274 0.935059 0 
391 80 247 211 343 0.92334 0 
391 217 132 281 244 0.913086 0 
392 0 156 53 280 0.933594 0 
392 83 248 214 343 0.922852 0 
392 216 133 284 244 0.910156 0 
393 0 154 54 286 0.939453 0 
393 87 248 216 343 0.919434 0 
393 215 134 284 245 0.917969 0 
394 0 155 58 285 0.938477 0 
394 214 135 284 245 0.92041 0 
394 87 247 218 347 0.918457 0 
395 0 154 60 278 0.94043 0 
395 212 135 287 246 0.92334 0 
395 89 246 220 348 0.92041 0 
396 0 153 62 276 0.945801 0 
396 209 136 289 248 0.935547 0 
396 96 247 224 344 0.914551 0 
397 0 154 67 273 0.946777 0 
397 211 137 292 251 0.943359 0 
397 98 247 227 347 0.922363 0 
398 0 154 69 275 0.945801 0 
398 212 138 292 250 0.939453 0 
398 101 246 230 347 0.921875 0 
399 210 139 292 251 0.945312 0 
399 0 155 75 276 0.939453 0 
399 105 247 234 347 0.924805 0 
400 1 154 78 275 0.950195 0 
400 207 138 293 252 0.942871 0 
400 109 248 238 349 0.925293 0 
401 2 155 81 276 0.95459 0 
401 208 138 294 251 0.941895 0 
401 112 250 241 347 0.927734 0 
402 5 155 85 276 0.957031 0 
402 208 138 291 252 0.941895 0 
402 116 250 246 348 0.924805 0 
403 8 155 89 280 0.94873 0 
403 209 138 289 252 0.94043 0 
403 121 248 250 348 0.91748 0 
404 14 156 92 276 0.939453 0 
404 213 138 282 252 0.928711 0 
404 128 249 255 349 0.921875 0 
405 17 155 97 275 0.947266 0 
405 215 139 278 256 0.928711 0 
405 129 248 258 347 0.918945 0 
405 297 0 324 46 0.29541 0 
406 21 156 101 277 0.954102 0 
406 220 141 281 255 0.931152 0 
406 134 248 263 348 0.924805 0 
407 25 157 106 276 0.942871 0 
407 220 141 285 259 0.933594 0 
407 140 249 268 351 0.926758 0 
408 32 158 109 275 0.942871 0 
408 222 142 290 263 0.935547 0 
408 142 251 272 348 0.92627 0 
409 35 158 114 276 0.95166 0 
409 225 143 294 261 0.933105 0 
409 149 249 277 349 0.921875 0 
410 39 158 118 277 0.947754 0 
410 226 144 298 262 0.93457 0 
410 153 250 282 351 0.916992 0 
411 45 159 123 277 0.94043 0 
411 226 145 305 263 0.936523 0 
411 171 250 287 350 0.924805 0 
412 48 160 126 279 0.943359 0 
412 226 145 302 262 0.929688 0 
412 167 249 290 349 0.92041 0 
413 51 160 131 279 0.949219 0 
413 226 145 299 262 0.927734 0 
413 166 249 292 349 0.92041 0 
413 0 139 16 259 0.444092 0 
414 54 160 133 279 0.945312 0 
414 226 145 296 262 0.933594 0 
414 168 250 295 349 0.922363 0 
415 226 145 294 260 0.932617 0 
415 58 161 138 279 0.930664 0 
415 173 250 298 352 0.924805 0 
415 0 135 21 256 0.510742 0 
416 61 160 139 279 0.93457 0 
416 173 251 299 351 0.927246 0 
416 226 144 294 261 0.927246 0 
417 63 160 141 277 0.94043 0 
417 174 251 300 350 0.92627 0 
417 222 144 297 261 0.92627 0 
418 64 160 142 279 0.939453 0 
418 219 145 292 261 0.927734 0 
418 174 251 302 349 0.926758 0 
419 65 160 143 281 0.938965 0 
419 176 251 303 349 0.926758 0 
419 215 145 294 265 0.915039 0 
420 65 160 144 282 0.940918 0 
420 176 251 304 348 0.927246 0 
420 212 147 292 265 0.926758 0 
421 65 160 145 281 0.943848 0 
421 176 251 304 348 0.925293 0 
421 209 148 293 267 0.921387 0 
422 66 160 146 280 0.944336 0 
422 206 148 291 266 0.928223 0 
422 177 252 304 348 0.925781 0 
423 66 160 146 279 0.947754 0 
423 177 252 304 349 0.924805 0 
423 205 148 288 267 0.908691 0 
424 67 160 146 279 0.948242 0 
424 178 252 304 349 0.925293 0 
424 198 148 285 268 0.908203 0 
424 325 0 342 40 0.495605 0 
425 68 160 146 279 0.948242 0 
425 177 251 305 349 0.927734 0 
425 195 147 280 268 0.90625 0 
426 70 159 146 280 0.947754 0 
426 194 147 272 269 0.932129 0 
426 176 251 305 349 0.927246 0 
427 71 159 146 280 0.947754 0 
427 190 148 270 271 0.9375 0 
427 176 251 305 349 0.927246 0 
428 73 158 147 280 0.949219 0 
428 187 148 264 271 0.929688 0 
428 177 252 305 350 0.928711 0 
429 75 158 148 280 0.945801 0 
429 177 252 305 350 0.928711 0 
429 186 149 261 270 0.921387 0 
430 77 158 149 280 0.939453 0 
430 177 253 305 350 0.928223 0 
430 184 151 255 271 0.920898 0 
431 78 159 152 278 0.942871 0 
431 177 253 305 350 0.926758 0 
431 184 151 254 270 0.922852 0 
432 79 159 153 279 0.941895 0 
432 181 152 255 271 0.930176 0 
432 178 253 305 351 0.926758 0 
433 79 158 153 280 0.944336 0 
433 180 152 255 271 0.931641 0 
433 178 253 305 350 0.925293 0 
434 80 158 154 282 0.942383 0 
434 179 153 258 273 0.936523 0 
434 178 253 305 349 0.925293 0 
435 81 158 154 280 0.942871 0 
435 179 153 256 273 0.936035 0 
435 179 253 305 348 0.925781 0 
436 82 158 155 280 0.944824 0 
436 179 154 256 273 0.936523 0 
436 180 253 306 349 0.92334 0 
437 84 158 156 278 0.947754 0 
437 179 154 251 273 0.936523 0 
437 180 253 307 349 0.92334 0 
438 84 159 156 276 0.946289 0 
438 178 155 252 274 0.931152 0 
438 181 253 307 349 0.922852 0 
439 85 159 156 275 0.947754 0 
439 177 155 248 274 0.931152 0 
439 181 252 307 348 0.923828 0 
440 85 158 155 274 0.94873 0 
440 177 155 247 273 0.928711 0 
440 181 252 308 349 0.92334 0 
441 86 158 155 273 0.947754 0 
441 174 155 247 272 0.924316 0 
441 181 252 309 349 0.923828 0 
442 85 158 155 272 0.949219 0 
442 182 252 309 349 0.923828 0 
442 172 156 247 272 0.914551 0 
443 85 158 155 272 0.950195 0 
443 181 252 310 350 0.921875 0 
443 170 156 243 274 0.915039 0 
444 85 158 154 272 0.949707 0 
444 169 157 249 273 0.935059 0 
444 183 253 311 350 0.92334 0 
445 85 157 154 272 0.949707 0 
445 168 158 250 272 0.931152 0 
445 184 253 311 349 0.925293 0 
446 84 157 154 271 0.953125 0 
446 166 159 250 273 0.92627 0 
446 184 253 311 350 0.925293 0 
447 83 157 155 271 0.954102 0 
447 164 161 246 270 0.931152 0 
447 185 253 311 350 0.922363 0 
448 83 156 155 271 0.954102 0 
448 163 162 248 271 0.928711 0 
448 184 253 312 350 0.923828 0 
449 83 156 156 272 0.953613 0 
449 184 253 312 350 0.924805 0 
449 159 163 242 273 0.918457 0 
450 82 155 156 272 0.95459 0 
450 185 253 313 351 0.924316 0 
450 156 163 242 274 0.919434 0 
451 82 154 155 271 0.955566 0 
451 185 254 314 351 0.921387 0 
451 152 162 239 273 0.90918 0 
452 82 155 155 271 0.955078 0 
452 184 254 314 351 0.922363 0 
452 150 163 238 275 0.915039 0 
453 82 155 154 271 0.954102 0 
453 182 254 313 351 0.919922 0 
453 150 163 239 276 0.919922 0 
454 82 155 153 271 0.953613 0 
454 181 254 313 351 0.921387 0 
454 147 163 236 276 0.919434 0 
455 82 155 152 271 0.952637 0 
455 182 254 313 351 0.92041 0 
455 145 163 232 275 0.918945 0 
456 82 155 152 271 0.952148 0 
456 144 162 233 275 0.922363 0 
456 181 254 313 351 0.920898 0 
457 82 155 152 271 0.951172 0 
457 144 161 233 276 0.920898 0 
457 179 254 312 351 0.917969 0 
458 82 155 151 271 0.949707 0 
458 178 254 311 351 0.919434 0 
458 145 160 234 276 0.916504 0 
459 82 155 151 271 0.950684 0 
459 144 160 234 276 0.920898 0 
459 178 254 311 350 0.917969 0 
460 82 155 150 271 0.950684 0 
460 179 254 311 352 0.921387 0 
460 144 159 233 275 0.916504 0 
461 82 155 150 271 0.950684 0 
461 179 254 311 353 0.919922 0 
461 144 159 231 276 0.915527 0 
462 82 155 150 271 0.950684 0 
462 179 255 311 352 0.919922 0 
462 144 159 232 276 0.915527 0 
463 82 155 150 271 0.949707 0 
463 181 255 311 352 0.92041 0 
463 143 159 230 275 0.914551 0 
464 82 155 150 271 0.949219 0 
464 180 256 310 353 0.920898 0 
464 143 159 229 274 0.914551 0 
465 81 155 149 271 0.951172 0 
465 182 255 310 354 0.925293 0 
465 142 159 228 274 0.914551 0 
466 81 154 149 271 0.952637 0 
466 184 254 310 353 0.928223 0 
466 142 159 228 274 0.913574 0 
467 80 154 149 270 0.953125 0 
467 189 253 310 352 0.936035 0 
467 141 158 227 274 0.913086 0 
468 80 154 148 271 0.952637 0 
468 191 252 310 352 0.938965 0 
468 142 158 225 274 0.911621 0 
469 79 154 147 271 0.953125 0 
469 194 251 309 352 0.943359 0 
469 141 157 229 274 0.916016 0 
470 79 153 147 271 0.954102 0 
470 197 249 310 352 0.945801 0 
470 142 157 234 274 0.920898 0 
471 78 154 147 270 0.95459 0 
471 197 247 310 352 0.944824 0 
471 143 157 231 273 0.919434 0 
472 78 154 146 270 0.953613 0 
472 198 245 310 352 0.944336 0 
472 144 157 234 274 0.921387 0 
473 78 154 146 269 0.95459 0 
473 202 244 309 352 0.944336 0 
473 146 157 224 273 0.933594 0 
474 78 153 146 269 0.953613 0 
474 204 242 311 352 0.942383 0 
474 148 157 228 273 0.92627 0 
475 78 153 145 269 0.955078 0 
475 199 241 311 351 0.9375 0 
475 155 156 238 274 0.928223 0 
476 77 153 146 269 0.956543 0 
476 206 240 312 351 0.939453 0 
476 162 157 241 272 0.934082 0 
477 77 153 146 270 0.95752 0 
477 212 240 312 350 0.938477 0 
477 168 157 243 271 0.937012 0 
478 76 153 147 271 0.958496 0 
478 169 156 246 271 0.937988 0 
478 214 240 311 351 0.937988 0 
479 76 153 149 270 0.957031 0 
479 168 156 249 272 0.9375 0 
479 215 241 312 351 0.9375 0 
480 76 153 151 271 0.955078 0 
480 216 241 313 350 0.938965 0 
480 167 155 252 272 0.935547 0 
481 76 154 154 269 0.953613 0 
481 169 156 253 271 0.943359 0 
481 217 242 313 352 0.9375 0 
482 77 154 158 268 0.95459 0 
482 170 157 256 271 0.945312 0 
482 217 242 314 351 0.937012 0 
483 78 154 162 267 0.954102 0 
483 174 156 259 271 0.944824 0 
483 219 242 315 351 0.937988 0 
484 80 154 164 268 0.955078 0 
484 219 243 315 351 0.9375 0 
484 178 156 261 271 0.936523 0 
485 80 152 165 268 0.954102 0 
485 219 244 316 351 0.9375 0 
485 179 155 262 271 0.933594 0 
486 81 151 164 268 0.953125 0 
486 179 155 264 272 0.9375 0 
486 219 246 316 351 0.936523 0 
487 83 151 164 268 0.95459 0 
487 216 247 317 350 0.942383 0 
487 178 155 263 272 0.941895 0 
488 85 151 165 268 0.951172 0 
488 210 248 318 350 0.948242 0 
488 178 155 261 272 0.947754 0 
489 177 155 260 271 0.946777 0 
489 212 249 320 349 0.946289 0 
489 87 151 165 268 0.946289 0 
490 217 249 322 349 0.946289 0 
490 177 153 261 270 0.942871 0 
490 89 151 165 268 0.935547 0 
491 221 248 324 349 0.944336 0 
491 177 154 256 271 0.941895 0 
491 91 151 167 268 0.929199 0 
492 222 248 327 350 0.944336 0 
492 176 155 258 270 0.939941 0 
492 93 150 167 267 0.932129 0 
493 94 151 169 267 0.945801 0 
493 223 249 330 350 0.943359 0 
493 177 154 258 270 0.935547 0 
494 96 151 170 266 0.948242 0 
494 174 155 259 270 0.940918 0 
494 226 250 331 347 0.937988 0 
495 98 151 172 266 0.945312 0 
495 175 154 260 270 0.94043 0 
495 226 250 332 347 0.938477 0 
496 100 151 172 266 0.942383 0 
496 175 154 258 270 0.939453 0 
496 225 249 332 345 0.936523 0 
497 101 151 173 267 0.947754 0 
497 224 248 333 346 0.9375 0 
497 176 154 254 270 0.931641 0 
498 222 247 332 351 0.942871 0 
498 176 154 257 270 0.941406 0 
498 103 151 175 266 0.940918 0 
499 219 246 332 356 0.944824 0 
499 174 154 253 270 0.933594 0 
499 104 151 177 266 0.92627 0 
500 217 247 332 353 0.944824 0 
500 175 154 255 271 0.93457 0 
500 106 151 178 264 0.901367 0 
501 215 248 332 352 0.944824 0 
501 175 153 255 271 0.931641 0 
501 106 150 175 264 0.922852 0 
502 211 251 331 351 0.942871 0 
502 107 149 173 262 0.928711 0 
502 173 153 255 270 0.928223 0 
503 207 252 330 349 0.939453 0 
503 175 152 254 270 0.934082 0 
503 106 148 174 263 0.929199 0 
504 207 252 330 350 0.939453 0 
504 105 148 174 262 0.935059 0 
504 176 152 254 270 0.928711 0 
505 207 252 329 350 0.937988 0 
505 103 147 173 262 0.936035 0 
505 178 152 254 269 0.935059 0 
506 102 146 172 262 0.941406 0 
506 207 251 329 351 0.940918 0 
506 179 152 254 269 0.938477 0 
507 214 248 333 352 0.939453 0 
507 178 152 254 270 0.938477 0 
507 101 146 170 263 0.938477 0 
508 99 146 169 263 0.939941 0 
508 180 152 256 270 0.937988 0 
508 218 247 337 352 0.936523 0 
509 99 146 168 263 0.94043 0 
509 181 153 256 269 0.933105 0 
509 201 245 346 363 0.908691 0 
510 98 145 168 264 0.943848 0 
510 182 153 258 268 0.935059 0 
510 203 243 352 367 0.910645 0 
511 98 145 168 263 0.949707 0 
511 183 153 255 269 0.929199 0 
511 214 243 358 367 0.908691 0 
512 98 145 167 263 0.949707 0 
512 185 154 257 269 0.928223 0 
512 226 242 359 365 0.924805 0 
513 98 145 170 263 0.944336 0 
513 225 240 361 364 0.932129 0 
513 183 156 262 269 0.916992 0 
514 100 146 172 263 0.945312 0 
514 232 239 362 364 0.937988 0 
514 187 156 265 269 0.928223 0 
515 101 145 175 263 0.942871 0 
515 235 238 363 365 0.939453 0 
515 187 156 266 270 0.920898 0 
516 238 238 363 367 0.941895 0 
516 104 145 176 262 0.939941 0 
516 188 157 266 270 0.926758 0 
517 109 145 176 262 0.94043 0 
517 240 239 364 369 0.939453 0 
517 188 157 264 270 0.921387 0 
518 238 241 366 374 0.937988 0 
518 115 144 178 262 0.937012 0 
518 188 157 267 270 0.924805 0 
519 120 145 181 262 0.941895 0 
519 236 243 369 378 0.931152 0 
519 187 157 267 271 0.927246 0 
520 189 158 266 271 0.937012 0 
520 122 145 183 260 0.935547 0 
520 243 245 376 386 0.929688 0 
521 123 144 184 259 0.933105 0 
521 188 158 265 271 0.932617 0 
521 247 251 380 391 0.914062 0 
522 124 144 185 258 0.936035 0 
522 261 253 380 397 0.935059 0 
522 187 158 266 271 0.932617 0 
523 127 143 184 258 0.933594 0 
523 261 253 384 397 0.931152 0 
523 186 158 265 271 0.928711 0 
524 129 142 186 259 0.935059 0 
524 185 159 261 272 0.929199 0 
524 253 252 391 396 0.921387 0 
525 130 141 186 259 0.932617 0 
525 183 159 260 271 0.927734 0 
525 259 254 397 398 0.92627 0 
526 131 141 187 258 0.932617 0 
526 266 257 403 398 0.931641 0 
526 180 160 256 271 0.931641 0 
527 274 259 411 399 0.934082 0 
527 177 160 255 270 0.933105 0 
527 131 140 187 257 0.929688 0 
528 176 159 254 270 0.933105 0 
528 275 263 417 415 0.931152 0 
528 131 139 187 258 0.925781 0 
529 176 159 255 270 0.935547 0 
529 290 267 427 422 0.93457 0 
529 130 139 188 257 0.925781 0 
530 174 159 254 270 0.939453 0 
530 296 269 439 426 0.935059 0 
530 129 138 189 258 0.925293 0 
531 174 159 253 270 0.93457 0 
531 303 271 452 430 0.919922 0 
531 128 137 189 255 0.916992 0 
532 171 159 254 270 0.932129 0 
532 316 275 465 432 0.924316 0 
532 128 137 189 252 0.916504 0 
533 330 276 477 432 0.932617 0 
533 168 160 253 271 0.928223 0 
533 127 137 188 248 0.900391 0 
534 169 160 252 272 0.928223 0 
534 341 278 492 434 0.916504 0 
534 128 136 187 245 0.894043 0 
535 354 281 504 439 0.930176 0 
535 171 161 252 272 0.928223 0 
535 129 138 188 234 0.879395 0 
536 170 161 253 273 0.929688 0 
536 359 286 520 452 0.92334 0 
536 130 139 186 231 0.89209 0 
537 174 161 253 275 0.933594 0 
537 372 291 530 453 0.916016 0 
537 130 138 188 234 0.895996 0 
538 178 162 253 277 0.929199 0 
538 383 296 541 462 0.925293 0 
538 128 138 187 237 0.919434 0 
539 395 299 547 455 0.944336 0 
539 127 138 189 239 0.927734 0 
539 179 162 252 277 0.921387 0 
540 415 301 551 456 0.936035 0 
540 179 162 253 277 0.928711 0 
540 127 137 190 241 0.922363 0 
541 425 300 559 462 0.945312 0 
541 184 163 254 277 0.932617 0 
541 127 138 190 242 0.90332 0 
542 435 303 567 461 0.945801 0 
542 180 162 253 278 0.924316 0 
542 130 138 191 242 0.896973 0 
543 430 309 576 462 0.936035 0 
543 183 163 254 278 0.92627 0 
543 131 138 192 242 0.899414 0 
544 431 311 584 464 0.940918 0 
544 187 163 254 278 0.929199 0 
544 132 137 196 242 0.918457 0 
545 444 314 595 464 0.927246 0 
545 134 137 198 242 0.924316 0 
545 191 163 256 278 0.918945 0 
546 135 137 200 244 0.929199 0 
546 191 164 258 280 0.913086 0 
546 460 318 608 464 0.912109 0 
547 489 315 624 475 0.933105 0 
547 135 137 200 244 0.929199 0 
547 191 163 256 278 0.916504 0 
548 526 314 638 476 0.943848 0 
548 136 137 202 245 0.926758 0 
548 186 164 255 278 0.910156 0 
549 532 318 640 481 0.94873 0 
549 136 137 204 245 0.927734 0 
549 186 164 257 278 0.911621 0 
550 555 325 640 493 0.933594 0 
550 137 137 204 244 0.922363 0 
550 185 164 257 278 0.913574 0 
551 138 137 204 244 0.921875 0 
551 187 165 257 277 0.911621 0 
551 560 329 640 507 0.879883 0 
552 138 137 204 244 0.918457 0 
552 191 164 260 280 0.910156 0 
552 560 350 638 571 0.36084 0 
553 192 164 260 279 0.91748 0 
553 139 137 203 245 0.916504 0 
553 603 360 637 501 0.345459 0 
554 190 164 260 279 0.92041 0 
554 140 137 202 245 0.918457 0 
555 189 164 258 277 0.922852 0 
555 140 137 202 245 0.919922 0 
556 188 164 259 277 0.930176 0 
556 140 137 200 245 0.918457 0 
557 188 164 258 277 0.928223 0 
557 139 137 202 246 0.918945 0 
558 186 164 258 278 0.928711 0 
558 136 136 201 246 0.915039 0 
559 185 162 257 277 0.931641 0 
559 134 136 201 246 0.916016 0 
560 184 162 256 277 0.933594 0 
560 131 136 197 246 0.918457 0 
561 182 162 254 276 0.923828 0 
561 130 136 197 245 0.918945 0 
562 180 163 253 276 0.925293 0 
562 128 136 194 245 0.902344 0 
563 176 163 253 276 0.930176 0 
563 128 135 191 243 0.915039 0 
564 128 135 189 241 0.921387 0 
564 172 163 252 277 0.918945 0 
565 165 163 250 275 0.925293 0 
565 128 135 187 236 0.915039 0 
566 162 165 247 274 0.928223 0 
566 128 136 184 229 0.908691 0 
567 158 167 246 273 0.916504 0 
567 129 136 183 227 0.913574 0 
568 149 170 247 272 0.922363 0 
568 128 136 185 229 0.887207 0 
569 142 171 246 271 0.907715 0 
569 129 136 188 230 0.851074 0 
570 139 172 246 267 0.894531 0 
570 130 136 189 229 0.84082 0 
571 140 178 246 264 0.893066 0 
571 132 136 195 228 0.861328 0 
572 134 136 198 230 0.878906 0 
572 137 180 242 264 0.874023 0 
573 152 185 242 261 0.913574 0 
573 135 136 199 235 0.900391 0 
574 154 188 243 266 0.90625 0 
574 135 136 202 230 0.888184 0 
575 136 137 203 234 0.914062 0 
575 159 195 243 266 0.893555 0 
576 158 196 241 269 0.930664 0 
576 137 138 206 234 0.914062 0 
577 158 198 239 271 0.924805 0 
577 138 138 210 233 0.924316 0 
578 141 138 216 230 0.913574 0 
578 158 200 237 271 0.899902 0 
579 143 139 220 233 0.935059 0 
579 155 202 237 275 0.886719 0 
580 144 139 224 233 0.941895 0 
580 153 204 236 276 0.881836 0 
581 149 140 226 235 0.944824 0 
581 149 206 231 280 0.872559 0 
582 153 140 227 237 0.939453 0 
582 151 208 233 281 0.90918 0 
583 155 140 228 239 0.926758 0 
583 145 209 232 279 0.845703 0 
