1 55 30 105 122 0.950684 0 
1 401 342 465 474 0.943848 0 
1 518 460 595 597 0.911621 0 
1 207 110 280 290 0.911621 0 
1 226 478 274 630 0.830566 0 
2 55 30 104 122 0.947754 0 
2 401 342 464 474 0.941406 0 
2 517 461 594 597 0.911133 0 
2 226 479 275 632 0.898438 0 
2 208 109 277 291 0.893555 0 
3 54 30 104 120 0.943359 0 
3 401 342 465 473 0.939453 0 
3 226 479 276 634 0.916016 0 
3 518 461 594 596 0.915527 0 
3 207 109 273 290 0.897461 0 
4 401 342 466 473 0.938965 0 
4 54 30 103 121 0.936035 0 
4 516 461 593 596 0.928711 0 
4 207 109 269 288 0.910645 0 
4 227 478 278 638 0.910156 0 
5 54 31 103 122 0.937012 0 
5 400 342 465 474 0.937012 0 
5 516 461 593 597 0.921875 0 
5 226 478 279 639 0.90625 0 
5 206 111 269 291 0.897461 0 
6 54 31 102 122 0.939453 0 
6 400 342 464 474 0.937988 0 
6 514 461 593 601 0.916016 0 
6 226 480 279 640 0.907715 0 
6 208 112 267 291 0.812988 0 
7 400 342 464 475 0.939453 0 
7 54 31 101 121 0.93457 0 
7 513 460 593 606 0.918457 0 
7 226 483 279 640 0.910645 0 
7 210 116 263 292 0.606445 0 
8 53 31 102 122 0.938477 0 
8 400 342 464 474 0.936035 0 
8 514 460 592 608 0.916016 0 
8 226 483 278 640 0.913574 0 
8 210 115 264 288 0.71875 0 
9 53 33 101 122 0.937012 0 
9 399 343 464 477 0.927246 0 
9 515 460 591 604 0.917969 0 
9 224 488 278 640 0.905273 0 
9 210 117 261 291 0.762695 0 
10 53 33 101 122 0.936523 0 
10 399 343 463 476 0.927246 0 
10 514 458 592 612 0.913086 0 
10 225 493 278 640 0.912598 0 
10 210 117 260 290 0.680176 0 
11 54 33 101 122 0.928711 0 
11 399 343 463 477 0.928223 0 
11 514 457 591 610 0.912109 0 
11 226 497 279 640 0.904297 0 
11 210 118 259 292 0.760742 0 
12 513 456 590 595 0.936523 0 
12 54 33 100 124 0.929688 0 
12 399 344 463 477 0.927246 0 
12 229 503 279 640 0.890137 0 
12 211 119 259 293 0.608887 0 
13 53 33 100 124 0.931641 0 
13 398 345 463 477 0.928711 0 
13 512 453 590 601 0.914062 0 
13 230 506 281 640 0.884766 0 
13 211 117 260 291 0.713867 0 
14 53 34 101 123 0.934082 0 
14 398 345 463 478 0.926758 0 
14 511 449 591 618 0.910645 0 
14 231 509 280 639 0.796875 0 
14 211 113 262 293 0.776855 0 
15 53 35 101 123 0.933105 0 
15 398 346 463 478 0.930176 0 
15 511 448 591 600 0.921875 0 
15 210 113 263 292 0.802246 0 
15 234 513 281 638 0.734375 0 
16 53 35 101 123 0.936523 0 
16 398 345 463 478 0.925781 0 
16 510 443 593 601 0.925293 0 
16 237 516 287 640 0.884766 0 
16 209 112 263 292 0.847656 0 
17 512 442 593 596 0.943359 0 
17 53 35 101 123 0.93457 0 
17 397 346 462 480 0.92627 0 
17 239 520 293 640 0.914551 0 
17 209 111 262 292 0.855469 0 
18 512 436 592 598 0.935059 0 
18 53 35 101 123 0.934082 0 
18 397 345 462 479 0.924805 0 
18 240 522 293 640 0.899414 0 
18 209 110 261 291 0.861328 0 
19 53 35 100 123 0.932129 0 
19 397 345 462 478 0.931152 0 
19 504 427 591 598 0.92334 0 
19 207 114 259 291 0.894531 0 
19 243 525 296 638 0.893555 0 
20 53 35 100 123 0.937012 0 
20 397 345 462 477 0.931641 0 
20 503 419 589 593 0.931641 0 
20 245 526 293 640 0.889648 0 
20 204 113 259 289 0.873047 0 
