1 1 0 0.950684 55 30 104 122 
1 2 0 0.943848 400 342 465 474 
1 3 0 0.911621 518 460 594 597 
1 4 0 0.911621 207 110 279 290 
1 5 0 0.830566 226 478 273 630 
2 1 0 0.947754 55 30 104 122 
2 2 0 0.941406 401 342 464 474 
2 3 0 0.911133 516 460 594 597 
2 4 0 0.893555 208 109 277 290 
2 5 0 0.898438 226 479 274 631 
3 1 0 0.943359 53 30 104 120 
3 2 0 0.939453 400 341 465 473 
3 3 0 0.915527 517 460 594 596 
3 4 0 0.897461 207 108 273 290 
3 5 0 0.916016 226 479 275 633 
4 1 0 0.936035 54 29 102 120 
4 2 0 0.938965 401 342 465 472 
4 3 0 0.928711 516 461 592 595 
4 4 0 0.910645 207 108 269 288 
4 5 0 0.910156 227 478 277 637 
5 1 0 0.937012 53 30 102 121 
5 2 0 0.937012 400 342 464 473 
5 3 0 0.921875 516 461 592 596 
5 4 0 0.897461 205 110 268 290 
5 5 0 0.90625 226 477 279 639 
6 1 0 0.939453 54 31 102 122 
6 2 0 0.937988 400 341 464 474 
6 3 0 0.916016 514 461 592 600 
6 4 0 0.812988 207 111 266 291 
6 5 0 0.907715 225 479 279 639 
7 1 0 0.93457 54 31 101 121 
7 2 0 0.939453 400 342 463 474 
7 3 0 0.918457 513 460 592 605 
7 4 0 0.606445 209 115 263 291 
7 5 0 0.910645 225 482 279 639 
8 1 0 0.938477 52 30 101 121 
8 2 0 0.936035 399 341 464 474 
8 3 0 0.916016 514 460 591 607 
8 4 0 0.71875 209 115 263 288 
8 5 0 0.913574 226 482 278 639 
9 1 0 0.937012 52 32 101 121 
9 2 0 0.927246 399 343 463 476 
9 3 0 0.917969 514 459 591 604 
9 4 0 0.762695 210 116 261 290 
9 5 0 0.905273 223 487 278 639 
10 1 0 0.936523 52 33 100 122 
10 2 0 0.927246 398 342 463 476 
10 3 0 0.913086 514 458 591 611 
10 4 0 0.680176 209 117 259 290 
10 5 0 0.912598 224 492 278 639 
11 1 0 0.928711 53 33 100 122 
11 2 0 0.928223 399 343 462 476 
11 3 0 0.912109 513 456 591 610 
11 4 0 0.760742 210 118 258 291 
11 5 0 0.904297 225 496 279 639 
12 1 0 0.929688 54 33 99 123 
12 2 0 0.927246 398 343 463 477 
12 3 0 0.936523 512 455 590 595 
12 4 0 0.608887 210 118 258 292 
12 5 0 0.890137 228 502 279 639 
13 1 0 0.931641 53 33 100 124 
13 2 0 0.928711 397 344 463 477 
13 3 0 0.914062 512 453 589 600 
13 4 0 0.713867 210 117 259 291 
13 5 0 0.884766 229 505 280 639 
14 1 0 0.934082 52 33 100 123 
14 2 0 0.926758 398 345 462 477 
14 3 0 0.910645 511 449 590 617 
14 4 0 0.776855 211 113 261 292 
14 5 0 0.796875 230 508 280 639 
15 1 0 0.933105 52 34 100 123 
15 2 0 0.930176 397 345 463 478 
15 3 0 0.921875 510 447 591 600 
15 4 0 0.802246 209 112 262 292 
15 5 0 0.734375 233 512 281 638 
16 1 0 0.936523 52 35 100 123 
16 2 0 0.925781 398 345 462 477 
16 3 0 0.925293 510 443 592 600 
16 4 0 0.847656 209 112 262 292 
16 5 0 0.884766 236 516 286 639 
17 1 0 0.93457 52 35 100 123 
17 2 0 0.92627 397 346 461 479 
17 3 0 0.943359 511 441 593 596 
17 4 0 0.855469 209 111 262 292 
17 5 0 0.914551 238 519 292 639 
18 1 0 0.934082 52 35 100 123 
18 2 0 0.924805 396 345 462 479 
18 3 0 0.935059 512 436 591 597 
18 4 0 0.861328 209 110 261 291 
18 5 0 0.899414 240 522 293 639 
