1 1 0 0.950684 54 30 104 122 0 
1 2 0 0.943848 400 342 464 474 0 
1 3 0 0.911621 517 459 594 596 0 
1 4 0 0.911621 207 110 280 289 0 
1 5 0 0.889648 246 527 293 639 0 
2 1 0 0.947754 55 29 104 121 0 
2 2 0 0.941406 400 342 463 473 0 
2 3 0 0.911133 517 460 594 597 0 
2 4 0 0.893555 207 109 276 290 0 
2 6 0 0.898438 225 479 274 632 0 
3 1 0 0.943359 54 29 104 120 0 
3 2 0 0.939453 400 342 465 473 0 
3 3 0 0.915527 518 460 594 595 0 
3 4 0 0.897461 207 109 273 290 0 
3 6 0 0.916016 225 478 275 633 0 
4 1 0 0.936035 53 30 102 121 0 
4 2 0 0.938965 401 342 466 473 0 
4 3 0 0.928711 515 460 592 595 0 
4 4 0 0.910645 207 108 269 287 0 
4 6 0 0.910156 226 478 277 637 0 
5 1 0 0.937012 53 30 102 121 0 
5 2 0 0.937012 399 342 464 473 0 
5 3 0 0.921875 515 461 592 596 0 
5 4 0 0.897461 206 110 269 290 0 
5 6 0 0.90625 225 477 278 638 0 
6 1 0 0.939453 53 30 102 121 0 
6 2 0 0.937988 399 341 464 473 0 
6 3 0 0.916016 514 461 593 600 0 
6 4 0 0.812988 208 112 267 291 0 
7 1 0 0.93457 54 30 101 121 0 
7 2 0 0.939453 400 341 463 474 0 
7 3 0 0.918457 513 460 592 605 0 
7 4 0 0.606445 209 115 262 291 0 
8 1 0 0.938477 53 30 102 121 0 
8 2 0 0.936035 399 341 464 474 0 
8 3 0 0.916016 514 460 591 607 0 
8 4 0 0.71875 209 115 263 288 0 
9 1 0 0.937012 53 33 101 122 0 
9 2 0 0.927246 399 343 464 476 0 
9 3 0 0.917969 514 459 591 604 0 
9 4 0 0.762695 210 116 261 290 0 
10 1 0 0.936523 52 33 100 122 0 
10 2 0 0.927246 398 343 463 476 0 
10 3 0 0.913086 514 458 591 611 0 
10 4 0 0.680176 210 117 260 290 0 
11 1 0 0.928711 54 33 101 122 0 
11 2 0 0.928223 399 343 462 476 0 
11 3 0 0.912109 513 457 590 610 0 
11 4 0 0.760742 209 118 258 291 0 
11 5 0 0.904297 225 496 278 639 0 
12 1 0 0.929688 54 32 100 123 0 
12 2 0 0.927246 398 343 463 476 0 
12 3 0 0.936523 513 456 590 595 0 
12 4 0 0.608887 210 118 258 292 0 
12 5 0 0.890137 228 503 279 639 0 
13 1 0 0.931641 52 32 99 123 0 
13 2 0 0.928711 397 344 462 477 0 
13 3 0 0.914062 512 453 589 600 0 
13 4 0 0.713867 211 117 260 291 0 
13 5 0 0.884766 230 505 281 639 0 
14 1 0 0.934082 52 33 100 122 0 
14 2 0 0.926758 397 345 462 478 0 
14 3 0 0.910645 511 449 590 618 0 
14 4 0 0.776855 210 113 261 292 0 
14 5 0 0.796875 231 508 280 639 0 
15 1 0 0.933105 52 34 101 122 0 
15 2 0 0.930176 397 345 462 478 0 
15 3 0 0.921875 510 447 591 600 0 
15 4 0 0.802246 209 112 262 291 0 
15 5 0 0.734375 234 513 281 638 0 
16 1 0 0.936523 53 35 100 123 0 
16 2 0 0.925781 397 345 462 478 0 
16 3 0 0.925293 510 443 593 600 0 
16 4 0 0.847656 209 112 262 291 0 
16 5 0 0.884766 236 515 286 639 0 
17 1 0 0.93457 53 35 100 123 0 
17 2 0 0.92627 397 346 462 479 0 
17 3 0 0.943359 511 441 592 596 0 
17 4 0 0.855469 209 111 262 292 0 
17 5 0 0.914551 238 519 292 639 0 
18 1 0 0.934082 53 35 100 123 0 
18 2 0 0.924805 397 345 462 479 0 
18 3 0 0.935059 512 436 591 597 0 
18 4 0 0.861328 209 109 261 290 0 
18 5 0 0.899414 239 521 292 639 0 
19 1 0 0.932129 52 35 99 123 0 
19 2 0 0.931152 397 345 462 478 0 
19 3 0 0.92334 504 426 591 597 0 
19 4 0 0.894531 207 113 259 290 0 
19 5 0 0.893555 243 525 296 638 0 
20 1 0 0.937012 52 35 99 123 0 
20 2 0 0.931641 397 344 462 477 0 
20 3 0 0.931641 503 419 589 593 0 
20 4 0 0.873047 204 113 259 289 0 
20 5 0 0.889648 245 526 293 639 0 
